0 3.76162
1 3.7285
2 0.665662
3 0.778299
4 0.275972
5 0.402969
6 0.679329
7 3.84377
8 0.381973
9 0.291286
10 1.02625
11 1.06639
12 1.17432
13 0.9868
14 0.258215
15 0.945651
16 0.295494
17 0.27827
18 1.36855
19 0.308644
20 0.972108
21 3.36498
22 3.41863
23 1.33026
24 0.984734
25 3.39262
26 3.63989
27 0.400907
28 0.366521
29 0.320305
30 0.393314
31 3.08272
32 1.63499
33 3.45777
34 0.710344
35 2.87817
36 1.18617
37 0.294275
38 2.6834
39 0.973822
40 3.46076
41 0.349728
42 0.438948
43 0.964222
44 3.36035
45 0.309982
46 2.6643
47 0.280705
48 3.31806
49 0.30218
50 1.61241
51 0.568987
52 0.423717
53 1.35425
54 1.36468
55 1.10946
56 0.857737
57 1.17378
58 0.371732
59 0.701025
60 1.41086
61 3.48798
62 0.620592
63 3.28535
64 3.38651
65 0.513561
66 0.77128
67 2.7544
68 3.11117
69 0.327555
70 0.451712
71 1.19036
72 0.488341
73 0.33558
74 2.932
75 1.20751
76 2.96829
77 0.66142
78 0.413996
79 0.406875
80 0.869162
81 2.89727
82 2.74166
83 1.48357
84 3.2813
85 1.12199
86 3.2165
87 0.403361
88 0.335297
89 2.89731
90 0.391063
91 0.63787
92 2.98979
93 0.453174
94 0.773088
95 0.433217
96 2.94581
97 1.6679
98 0.626195
99 0.912459
100 2.86799
101 2.73466
102 1.63796
103 2.75736
104 2.55196
105 1.238
106 0.548966
107 2.55277
108 0.463582
109 0.659632
110 0.386184
111 2.69546
112 2.61402
113 0.349499
114 0.369998
115 2.76678
116 2.37564
117 0.315573
118 0.373236
119 1.17944
120 1.0336
121 1.91124
122 2.29178
123 2.27939
124 1.18688
125 0.918254
126 2.43075
127 1.89649
128 1.27905
129 0.466459
130 0.460497
131 2.35022
132 0.618732
133 1.21968
134 1.36583
135 0.893998
136 1.88836
137 0.810163
138 0.392203
139 0.395941
140 1.7211
141 0.785075
142 1.65005
143 0.406647
144 1.9094
145 0.57783
146 1.94256
147 0.984866
148 1.2563
149 0.689286
150 1.17967
151 2.87825
152 0.810699
153 0.921452
154 1.98875
155 0.487697
156 0.728493
157 1.50791
158 2.09572
159 1.46496
160 0.970439
161 0.403638
162 0.499169
163 0.658091
164 0.647534
165 1.9231
166 0.449159
167 1.40844
168 1.23413
169 0.849237
170 1.42341
171 2.1063
172 0.830816
173 0.4474
174 1.39934
175 1.3402
176 0.830956
177 1.17918
178 1.2857
179 2.04055
180 2.1147
181 1.71993
182 1.3659
183 1.44571
184 1.11401
185 2.49366
186 0.403909
187 0.559012
188 1.57177
189 0.844455
190 0.812027
191 1.86955
192 0.751154
193 1.62921
194 1.53915
195 1.38159
196 1.56255
197 1.73702
198 2.28662
199 1.36219
200 0.60761
201 0.988197
202 1.46293
203 0.535201
204 1.65531
205 1.00591
206 1.29852
207 2.24359
208 2.38976
209 1.46597
210 1.72631
211 1.12032
212 1.45513
213 0.930594
214 1.14645
215 0.486813
216 1.40409
217 1.21425
218 0.63871
219 0.783435
220 0.345821
221 1.0877
222 0.932627
223 1.30031
224 0.980253
225 1.36191
226 1.31984
227 1.14721
228 0.718094
229 0.825705
230 1.50151
231 1.72693
232 1.391
233 1.69416
234 1.36197
235 0.278318
236 2.00384
237 1.43573
238 1.32096
239 1.40626
240 0.857273
241 1.0942
242 0.557933
243 1.46409
244 0.435017
245 1.00968
246 1.40138
247 2.10451
248 1.35788
249 0.600438
250 0.969216
251 0.870347
252 0.938437
253 1.37938
254 1.13286
255 0.731601
256 0.800639
257 1.36059
258 0.609357
259 0.473784
260 1.09797
261 1.05454
262 0.730697
263 0.616951
264 1.35109
265 1.35588
266 1.88619
267 1.29972
268 0.610039
269 1.69207
270 1.19025
271 1.73599
272 1.20365
273 0.523033
274 1.33449
275 0.649911
276 0.953507
277 1.29607
278 1.33261
279 0.350792
280 1.08024
281 1.15449
282 0.878684
283 0.493234
284 1.31673
285 1.38293
286 0.806573
287 1.38738
288 0.512309
289 1.30055
290 0.901639
291 0.682054
292 1.509
293 0.925969
294 1.85091
295 1.18106
296 0.684596
297 1.12469
298 1.9064
299 1.49678
300 0.635002
301 1.65832
302 1.6321
303 1.41923
304 1.29817
305 1.13911
306 0.657784
307 1.77415
308 1.78937
309 0.507192
310 2.04915
311 1.32344
312 0.711011
313 1.40097
314 1.29017
315 1.34347
316 0.80179
317 0.57029
318 0.662597
319 1.16452
320 1.0531
321 0.96229
322 1.35238
323 2.03401
324 1.1977
325 1.30809
326 0.60093
327 1.12091
328 1.79368
329 1.28182
330 0.506821
331 0.837624
332 0.584389
333 1.28265
334 0.707017
335 1.15446
336 0.729667
337 0.637867
338 1.17209
339 1.27238
340 1.25987
341 1.34442
342 2.01538
343 0.97962
344 1.38355
345 1.94597
346 1.26821
347 1.3212
348 1.29843
349 0.551541
350 1.03742
351 1.47576
352 1.52792
353 1.21866
354 1.223
355 1.20539
356 1.17554
357 1.15715
358 1.17077
359 1.22254
360 1.79058
361 1.39898
362 1.20508
363 1.69084
364 0.562361
365 1.41761
366 0.790505
367 1.61377
368 1.4249
369 1.03894
370 1.47294
371 0.977431
372 1.04124
373 1.08558
374 1.19986
375 0.538902
376 1.74571
377 1.12504
378 1.04776
379 1.214
380 1.14239
381 0.728081
382 1.28818
383 0.616581
384 1.58469
385 1.20436
386 1.47428
387 1.5872
388 1.00965
389 0.605254
390 1.58186
391 1.51589
392 0.94444
393 1.59538
394 1.10586
395 1.05517
396 1.0269
397 0.54131
398 1.76213
399 0.853817
400 1.50631
401 0.883834
402 1.09004
403 1.34749
